{
"ai.weights": 
[ 
[ 
[ 0.276745, 0.937608, -0.0656847, 0.446673, 0.355443, 0.837276 ], 
[ -0.340425, -0.437798, 0.641131, 0.832833, -0.336086, 0.821155 ] ] ],
"generation.i": 1,
"max_backwards_factor": -0.75,
"max_boost_factor": 3.0,
"max_energy": 40,
"move_speed": 85.0,
"offspring_mutability": 0.05,
"ray_angle": 0.349066,
"ray_length": 500.0,
"required_offspring_energy": 20,
"turn_speed": 2.0
}
Handcrafted:
{
"ai.weights": [[
  [ 2, 0, 0, 0, 0, 1 ], 
  [ 0, 0.5, -0.5, 1, -1, 0 ] 
]],
"generation.i": 1,
"max_backwards_factor": -0.75,
"max_boost_factor": 3.0,
"max_energy": 40,
"move_speed": 85.0,
"offspring_mutability": 0.05,
"ray_angle": 0.349066,
"ray_length": 500.0,
"required_offspring_energy": 20,
"turn_speed": 2.0
}

Very good owlie:
{
"ai.weights": [ [ [ 0.8752, -1.08406, 0.555625, 0.461732, -0.0153107, 1.60833 ], [ -0.772722, 0.891377, -1.54916, -0.189993, -0.303271, 0.0107722 ] ] ],
"generation.i": 160,
"max_backwards_factor": -0.74617,
"max_boost_factor": 1.96055,
"max_energy": 28.0945,
"move_speed": 99.4101,
"offspring_mutability": 0.01,
"ray_angle": 0.693964,
"ray_length": 457.06,
"required_offspring_energy": 8.46333,
"turn_speed": 2.86812
}

Very good kloppie:
{
"ai.weights": [ [ [ 1.82432, -0.0405597, 0.458053, 0.0251917, -0.0700889, 0.771786 ], [ -0.156381, 0.46122, -0.967045, 0.693657, -1.05152, 0.302327 ] ] ],
"generation.i": 46,
"max_backwards_factor": -0.791653,
"max_boost_factor": 2.5,
"max_energy": 30.0,
"move_speed": 95.738,
"offspring_mutability": 0.0705078,
"ray_angle": 0.237858,
"ray_length": 374.975,
"required_offspring_energy": 15.0,
"turn_speed": 2.19629
}
